@ NAME             %08s "TRACKONE"
@ TYPE             %08s "TRACKONE"
@ TITLE            %06s "SPSUA9"
@ ORIGIN           %16s "5.03.07 Linux 64"
@ DATE             %08s "29/01/19"
@ TIME             %08s "14.22.05"
*     NUMBER       TURN                  X                 PX                  Y                 PY                  T                 PT                  S                  E 
$         %d         %d                %le                %le                %le                %le                %le                %le                %le                %le 
#segment       1       2       1       0 start                                          
          1          0         -0.0227284       -0.000623573                  0       -0.000423573                  0                  0                  0        270.0016303
#segment       2       2       1       1 CRY4.51799.UA9                                 
          1          1         -0.0227284       -0.000623573                  0       -0.000423573                  0                  0                  0        270.0016303
#segment       3       2       1      11 QF.51810                                       
          1          1     -0.02512660008    0.0002740243668    -0.001629019864   -0.0004817664657                  0                  0             3.8459        270.0016303
#segment       4       2       1      67 QD.51910                                       
          1          1     -0.01635844934   -0.0003104188109     -0.01704444092     0.000127185337                  0                  0            35.8436        270.0016303
#segment       5       2       1      79 XRPH.51937.UA9                                 
          1          1     -0.01845661674   -0.0003104188109     -0.01618477611     0.000127185337                  0                  0           42.60275        270.0016303
#segment       6       2       1      99 LSF.52005                                      
          1          1     -0.02549972504   -0.0003149409937     -0.01329906148    0.0001336647104                  0                  0            65.2918        270.0016303
#segment       7       2       1     105 QF.52010                                       
          1          1     -0.02630266714    0.0006246690089     -0.01295828329    -0.000329243957                  0                  0            67.8413        270.0016303
#segment       8       2       1     111 MBA.52030_DEX                                  
          1          1     -0.02120387026     0.000624669012     -0.01564525572   -0.0003290774477                  0                  0         76.0038093        270.0016303
#segment       9       2       1     117 MBA.52050_DEX                                  
          1          1     -0.01704364436    0.0006246690146     -0.01783634891   -0.0003288859687                  0                  0         82.6638093        270.0016303
#segment      10       2       1     123 MBB.52070_DEX                                  
          1          1     -0.01288966513    0.0006246690166     -0.02002279997   -0.0003286695721                  0                  0         89.3138093        270.0016303
#segment      11       2       1     129 MBB.52090_DEX                                  
          1          1    -0.008741932574     0.000624669018     -0.02220444746   -0.0003284283116                  0                  0         95.9538093        270.0016303
#segment      12       2       1     135 QD.52110                                       
          1          1    -0.006314973996    0.0003990520666     -0.02348045425    0.0005104648506                  0                  0             99.839        270.0016303
#segment      13       2       1     141 MBB.52130_DEX                                  
          1          1     -0.00306174285    0.0003990520672     -0.01931808193    0.0005107031508                  0                  0        107.9915093        270.0016303
#segment      14       2       1     149 MBB.52150_DEX                                  
          1          1   -0.0004120816449    0.0003990520674     -0.01592633102    0.0005109028164                  0                  0        114.6315093        270.0016303
#segment      15       2       1     159 XRPH.52202.UA9                                 
          1          1     0.005072501317    0.0003990520674     -0.00890446818    0.0005109028164                  0                  0         128.375535        270.0016303
